<?xml version="1.0"?>
<opencv_storage>
<calibration_Time>"Wed Dec  4 11:59:20 2013"</calibration_Time>
<nrOfFrames>25</nrOfFrames>
<image_Width>640</image_Width>
<image_Height>480</image_Height>
<board_Width>9</board_Width>
<board_Height>6</board_Height>
<square_Size>23.</square_Size>
<FixAspectRatio>1.</FixAspectRatio>
<!-- flags:  +fix_aspectRatio +fix_principal_point +zero_tangent_dist -->
<flagValue>14</flagValue>
<Camera_Matrix type_id="opencv-matrix">
  <rows>3</rows>
  <cols>3</cols>
  <dt>d</dt>
  <data>
    4.1409594353495652e+02 0. 3.1950000000000000e+02 0.
    4.1409594353495652e+02 2.3950000000000000e+02 0. 0. 1.</data></Camera_Matrix>
<Distortion_Coefficients type_id="opencv-matrix">
  <rows>5</rows>
  <cols>1</cols>
  <dt>d</dt>
  <data>
    2.3229735708184204e-02 1.1442516936601102e-01 0. 0.
    -1.0965521152023679e-01</data></Distortion_Coefficients>
<Avg_Reprojection_Error>3.0074365934418573e-01</Avg_Reprojection_Error>
<Per_View_Reprojection_Errors type_id="opencv-matrix">
  <rows>25</rows>
  <cols>1</cols>
  <dt>f</dt>
  <data>
    3.77628624e-01 3.24622571e-01 3.24389488e-01 2.82907128e-01
    3.05948585e-01 3.21002424e-01 3.18322718e-01 3.10860366e-01
    3.12884539e-01 2.92435557e-01 2.79524356e-01 2.85891086e-01
    2.94348478e-01 2.80339360e-01 2.93242902e-01 2.63671637e-01
    3.04051846e-01 2.86997706e-01 2.85995007e-01 2.91716009e-01
    2.77977347e-01 2.98069298e-01 3.05261612e-01 2.69113183e-01
    3.09599608e-01</data></Per_View_Reprojection_Errors>
<!-- a set of 6-tuples (rotation vector + translation vector) for each view -->
<Extrinsic_Parameters type_id="opencv-matrix">
  <rows>25</rows>
  <cols>6</cols>
  <dt>d</dt>
  <data>
    -1.0767116627578956e-01 5.9111551671548031e-02
    3.1029045804787128e+00 1.0452294307044954e+02 4.2957139057275739e+01
    2.7742638866611901e+02 -1.1175595471453582e-01
    4.9777490060689884e-02 3.1002138671732236e+00 1.0307700624921522e+02
    4.0220670303283939e+01 2.7675100455552183e+02
    -1.0804923548893373e-01 5.0952310245907857e-02
    3.1029891663170996e+00 1.0451240375583433e+02 4.0856625340534059e+01
    2.7629908014056031e+02 -1.0881156749018490e-01
    4.7222445211609697e-02 3.1034479104098667e+00 1.0407639172329554e+02
    4.0677275307326035e+01 2.7649220326322080e+02
    -1.1091635348763418e-01 5.1267999917917195e-02
    3.1039797054799263e+00 1.0431810595097969e+02 4.1706404048268013e+01
    2.7658852542094985e+02 -1.1037118870913763e-01
    5.1403160860941606e-02 3.1046620601039798e+00 1.0454397460010152e+02
    4.2189631042421894e+01 2.7716664242463753e+02
    -1.1075153446874976e-01 5.0620472829754910e-02
    3.1051135579886133e+00 1.0470474933643760e+02 4.1902711475552863e+01
    2.7684707916149108e+02 -1.1132482239210535e-01
    5.0672336359830358e-02 3.1046311378724805e+00 1.0428063322517954e+02
    4.2033546217513248e+01 2.7700397817054727e+02
    -1.1327212954935305e-01 4.7863942547970696e-02
    3.1053399062662383e+00 1.0434593049205364e+02 4.1936673046203374e+01
    2.7688663518236581e+02 -1.1324350931439948e-01
    4.7386420364395575e-02 3.1060615733256500e+00 1.0430315013263323e+02
    4.1756192477326358e+01 2.7702818471723884e+02
    -1.1564096399946056e-01 4.7432332109289189e-02
    3.1064617028202255e+00 1.0386940728116512e+02 4.1881237552196389e+01
    2.7722798592453131e+02 -1.1717822759817574e-01
    4.4171858275901268e-02 3.1070194509296511e+00 1.0404001323890863e+02
    4.1518568846224142e+01 2.7690213136939951e+02
    -1.1708584665220834e-01 4.7324822843493458e-02
    3.1068188059697222e+00 1.0363313093068200e+02 4.1693349478015051e+01
    2.7728983502869062e+02 -1.1627748694252397e-01
    4.4833148035650028e-02 3.1077815000705438e+00 1.0463342559344530e+02
    4.1235366489833595e+01 2.7640591169244061e+02
    -1.1640419809136658e-01 4.5222425377139656e-02
    3.1086596736452781e+00 1.0526638169204581e+02 4.2031319962227329e+01
    2.7630338200223650e+02 -1.1833400811927286e-01
    4.3235183957967611e-02 3.1095836324360167e+00 1.0501556683036094e+02
    4.2347342632993090e+01 2.7672898789470742e+02
    -1.1912926605738951e-01 4.4517836588120016e-02
    3.1093008325694353e+00 1.0523059369666881e+02 4.2092506013083224e+01
    2.7623510647311980e+02 -1.1715621213900794e-01
    4.4215370551049148e-02 3.1094219756861352e+00 1.0513588713234945e+02
    4.2236294446608355e+01 2.7596914355468010e+02
    -1.1990520516767013e-01 4.3665422389333679e-02
    3.1108390426124428e+00 1.0492167412234907e+02 4.2777974390674117e+01
    2.7615678575061634e+02 -1.2097996077950393e-01
    4.1664921866248296e-02 3.1104054168974513e+00 1.0465367015994438e+02
    4.2666906777250816e+01 2.7620691804109754e+02
    -1.1982361668382389e-01 4.5100589308521295e-02
    3.1108573151742571e+00 1.0497303587313102e+02 4.3027051825905374e+01
    2.7634695747171077e+02 -1.2228997328287788e-01
    4.4711642071884015e-02 3.1094719877999739e+00 1.0460250355778857e+02
    4.2752704833238113e+01 2.7631276109806220e+02
    -1.2280235286787580e-01 4.4509598974400023e-02
    3.1113459369584371e+00 1.0512351758465245e+02 4.3367195772728891e+01
    2.7622175204051501e+02 -1.2399543975814713e-01
    4.2425721626506208e-02 3.1117783583056275e+00 1.0522289968216398e+02
    4.3286216000255138e+01 2.7630155045642215e+02
    -1.2226956595512672e-01 4.6532471955779718e-02
    3.1144395690459294e+00 1.0672915880920677e+02 4.4871911791707937e+01
    2.7618816105094731e+02</data></Extrinsic_Parameters>
