<?xml version="1.0"?>
<opencv_storage>
<calibration_Time>"Wed Dec  4 11:53:21 2013"</calibration_Time>
<nrOfFrames>25</nrOfFrames>
<image_Width>640</image_Width>
<image_Height>480</image_Height>
<board_Width>9</board_Width>
<board_Height>6</board_Height>
<square_Size>23.</square_Size>
<FixAspectRatio>1.</FixAspectRatio>
<!-- flags:  +fix_aspectRatio +fix_principal_point +zero_tangent_dist -->
<flagValue>14</flagValue>
<Camera_Matrix type_id="opencv-matrix">
  <rows>3</rows>
  <cols>3</cols>
  <dt>d</dt>
  <data>
    4.8974774971764765e+02 0. 3.1950000000000000e+02 0.
    4.8974774971764765e+02 2.3950000000000000e+02 0. 0. 1.</data></Camera_Matrix>
<Distortion_Coefficients type_id="opencv-matrix">
  <rows>5</rows>
  <cols>1</cols>
  <dt>d</dt>
  <data>
    -2.9188940633560296e-03 5.5262636466447534e-01 0. 0.
    -1.3122351131501857e+00</data></Distortion_Coefficients>
<Avg_Reprojection_Error>3.8092461699130431e-01</Avg_Reprojection_Error>
<Per_View_Reprojection_Errors type_id="opencv-matrix">
  <rows>25</rows>
  <cols>1</cols>
  <dt>f</dt>
  <data>
    5.16060829e-01 3.68320674e-01 3.92675966e-01 3.21555316e-01
    2.51012504e-01 4.02975947e-01 4.36553210e-01 4.76260781e-01
    4.06072587e-01 4.55784470e-01 5.11729121e-01 4.66768920e-01
    3.60473514e-01 3.09327543e-01 3.44564289e-01 3.70842725e-01
    3.99591446e-01 3.26406986e-01 2.91785926e-01 3.48248750e-01
    3.11537057e-01 3.03635538e-01 3.08834046e-01 3.54265153e-01
    3.28948259e-01</data></Per_View_Reprojection_Errors>
<!-- a set of 6-tuples (rotation vector + translation vector) for each view -->
<Extrinsic_Parameters type_id="opencv-matrix">
  <rows>25</rows>
  <cols>6</cols>
  <dt>d</dt>
  <data>
    -1.2482101456805542e-01 7.8702297459718948e-02
    3.0486399133647732e+00 1.0425641170506879e+02 4.5784876530083579e+01
    3.1509280446657959e+02 -1.2594705865048733e-01
    5.0373609804875298e-02 3.0547460007860310e+00 1.0768621716086054e+02
    3.8600389291653066e+01 3.1340231071660253e+02
    -1.2228008820195052e-01 6.9221835553109456e-02
    3.0539545808682029e+00 1.1248695798046283e+02 4.1094731098337164e+01
    3.1132145659941546e+02 -1.0880444100258509e-01
    7.6157251278395441e-02 3.0610666788564651e+00 1.1866384680796868e+02
    4.7764287387822399e+01 3.0975195754077799e+02
    -1.0863374317403614e-01 8.5525831035335273e-02
    3.0680656576795964e+00 1.2152824100903058e+02 5.4934166989219626e+01
    3.1026258795324031e+02 -1.0179011291143512e-01
    1.0163841244967281e-01 3.0662083857142002e+00 1.2087148940430994e+02
    6.2098611450756351e+01 3.1237727710645612e+02
    -1.0366126925232513e-01 9.7073169072798532e-02
    3.0690196116274051e+00 1.1841366663713413e+02 5.9578556789764008e+01
    3.1208828247585967e+02 -1.0968950884151418e-01
    9.6595352574690554e-02 3.0649615833114763e+00 1.1509807501714009e+02
    5.8719942166395782e+01 3.1211773908306378e+02
    -1.3087094721588952e-01 9.1739284188020215e-02
    3.0625361453562880e+00 1.0653223733519587e+02 5.6558359350281471e+01
    3.1245986355179946e+02 -1.3940918602096236e-01
    8.5002689312456373e-02 3.0567133216318907e+00 1.0443799026247305e+02
    5.2855375938509773e+01 3.1297078284721715e+02
    -1.1581737917704261e-01 7.8493539475660151e-02
    3.0652769531866539e+00 1.1698443748112746e+02 4.8983601192239561e+01
    3.0990757871328015e+02 -8.8050164805231132e-02
    5.0532466256239930e-02 3.0609232175379271e+00 1.2799159449937247e+02
    4.1286583086763692e+01 3.0892268497496968e+02
    -9.4683278068008705e-02 3.5812331354692875e-02
    3.0623502138720853e+00 1.2600391967237650e+02 4.0074328389918207e+01
    3.0944851311324067e+02 -1.0683272085112720e-01
    4.1329387838442012e-02 3.0604604915177909e+00 1.1847220567652268e+02
    4.2471843599431644e+01 3.1191067352978740e+02
    -1.1641412747862370e-01 6.0324453827493948e-02
    3.0593247488272666e+00 1.1298799580153772e+02 4.5482276883230867e+01
    3.1304020991192226e+02 -1.2783391218059054e-01
    6.8984611745940838e-02 3.0553909862060320e+00 1.0858364869006938e+02
    4.7050053340158939e+01 3.1395700370934082e+02
    -1.3146998156030454e-01 6.5762636596147978e-02
    3.0511413993025420e+00 1.0774380947772107e+02 4.5001131846850221e+01
    3.1481965612190862e+02 -1.3076864141593683e-01
    6.1529770221505964e-02 3.0510906574466441e+00 1.0875305918987407e+02
    4.4330996438907029e+01 3.1475051428481095e+02
    -1.3067589368155119e-01 6.5126302517377888e-02
    3.0528189378761641e+00 1.1023358418489528e+02 4.5608170316709831e+01
    3.1457831294548441e+02 -1.2927786090501547e-01
    6.9297336068077073e-02 3.0533372456749186e+00 1.0973407803161456e+02
    4.7296622306306141e+01 3.1516879775696890e+02
    -1.3119886830699437e-01 6.5469544473960681e-02
    3.0526678547617281e+00 1.0960318270534442e+02 4.6650734892917285e+01
    3.1499433744829639e+02 -1.2997655952796816e-01
    6.7615287407753688e-02 3.0541442058188459e+00 1.1031136605701867e+02
    4.8296488796687363e+01 3.1519463466459842e+02
    -1.2825387751423709e-01 6.7938889591322563e-02
    3.0545748239950585e+00 1.1120285956815684e+02 4.8194692889332657e+01
    3.1513831802486027e+02 -1.2691758851799695e-01
    7.4412000326002120e-02 3.0543964725491879e+00 1.1144939148656101e+02
    4.8216212429502448e+01 3.1541269294236980e+02
    -1.2839750354075152e-01 7.3926480033130917e-02
    3.0549822460430649e+00 1.1085066809335821e+02 4.8712124414586214e+01
    3.1583589209203961e+02</data></Extrinsic_Parameters>
