<?xml version="1.0"?>
<opencv_storage>
<calibration_Time>"Wed Dec  4 10:53:15 2013"</calibration_Time>
<nrOfFrames>25</nrOfFrames>
<image_Width>640</image_Width>
<image_Height>480</image_Height>
<board_Width>9</board_Width>
<board_Height>6</board_Height>
<square_Size>23.</square_Size>
<FixAspectRatio>1.</FixAspectRatio>
<!-- flags:  +fix_aspectRatio +fix_principal_point +zero_tangent_dist -->
<flagValue>14</flagValue>
<Camera_Matrix type_id="opencv-matrix">
  <rows>3</rows>
  <cols>3</cols>
  <dt>d</dt>
  <data>
    8.0989310943127418e+02 0. 3.1950000000000000e+02 0.
    8.0989310943127418e+02 2.3950000000000000e+02 0. 0. 1.</data></Camera_Matrix>
<Distortion_Coefficients type_id="opencv-matrix">
  <rows>5</rows>
  <cols>1</cols>
  <dt>d</dt>
  <data>
    3.3203304017288288e-01 -4.1107320652508657e+00 0. 0.
    2.9354738196968778e+01</data></Distortion_Coefficients>
<Avg_Reprojection_Error>3.9567950160097448e-01</Avg_Reprojection_Error>
<Per_View_Reprojection_Errors type_id="opencv-matrix">
  <rows>25</rows>
  <cols>1</cols>
  <dt>f</dt>
  <data>
    3.50938231e-01 4.87571925e-01 3.61175507e-01 3.98068041e-01
    4.68353063e-01 3.26284111e-01 4.58668083e-01 5.01962841e-01
    4.07267928e-01 4.60582018e-01 4.43257779e-01 3.87879342e-01
    3.67868274e-01 3.94857645e-01 4.44906026e-01 3.72896165e-01
    3.24945241e-01 3.45004380e-01 3.14829201e-01 3.55837047e-01
    3.14126611e-01 3.58186513e-01 3.32827896e-01 3.71694654e-01
    4.43491936e-01</data></Per_View_Reprojection_Errors>
<!-- a set of 6-tuples (rotation vector + translation vector) for each view -->
<Extrinsic_Parameters type_id="opencv-matrix">
  <rows>25</rows>
  <cols>6</cols>
  <dt>d</dt>
  <data>
    1.4495490394639049e-01 1.4433291808421977e-01 3.1033351970610115e+00
    9.9166922498693012e+01 3.5913768053189933e+01 4.4712204178213119e+02
    1.3250450063892960e-01 1.4567742025345121e-01 3.0997573969182706e+00
    9.6775070256138576e+01 3.6172825487651444e+01 4.4776817029710963e+02
    1.3414187431832081e-01 1.3287600864121010e-01 3.0943231730937422e+00
    9.3719371796426685e+01 3.4965909808121168e+01 4.4719002182587354e+02
    1.3707173573028875e-01 1.3677046063763923e-01 3.0881346185906313e+00
    9.2716864385659122e+01 3.4948160867265884e+01 4.5100914284350273e+02
    1.3316763291529132e-01 1.3355525599242327e-01 3.0887161096025451e+00
    9.2673504395520098e+01 2.9315157015899711e+01 4.5065723855348068e+02
    1.4252523867581302e-01 1.4803660370439548e-01 3.0773625372026263e+00
    9.1200097828718100e+01 3.2457832310467545e+01 4.4999521824077220e+02
    1.2242022440787036e-01 1.2360036212204566e-01 3.0718736833671962e+00
    8.9420052594458951e+01 3.0248842969343638e+01 4.5314593418266054e+02
    7.4941888275553842e-02 1.1493251831625735e-01 3.0887024908799594e+00
    8.2329880981622594e+01 2.4617693674828427e+01 4.5590796197540777e+02
    7.1489914973091234e-02 7.5070807872742853e-02 3.1205761169389525e+00
    8.3378676882327852e+01 3.2022672257242796e+01 4.5849008796518001e+02
    1.2274690432522016e-01 1.5463109799785932e-01 3.0913334879489636e+00
    9.2724919241584118e+01 5.1582547344231990e+01 4.5215226394934336e+02
    1.3406228688930544e-01 2.0699780686390323e-01 3.0581677290758922e+00
    9.9021544796180549e+01 4.9899691975572068e+01 4.4863176490387843e+02
    1.0937792363704975e-01 1.8635491580393054e-01 3.0581558999865019e+00
    9.3395014616152011e+01 4.5844819845713729e+01 4.5043324696089337e+02
    9.3884670021413680e-02 1.7579102437953009e-01 3.0614023286729539e+00
    9.1911546631384141e+01 4.4124868305661991e+01 4.5190643557997328e+02
    8.7306086859687063e-02 1.7730918590424263e-01 3.0621818411293420e+00
    9.0358314633236390e+01 4.4797498316204361e+01 4.5327818705178908e+02
    7.3628343172839408e-02 1.7757496731709871e-01 3.0661192344789256e+00
    8.7002576785595480e+01 4.3675999336919375e+01 4.5423917998480840e+02
    6.8951435218426407e-02 1.4831384671197867e-01 3.0995233434771965e+00
    8.5913849236134382e+01 4.2796251267140029e+01 4.5449815111260659e+02
    6.1349027427816429e-02 1.4471181265589803e-01 3.1088691179129233e+00
    8.3046280721218963e+01 4.3877059004745227e+01 4.5590767901210870e+02
    5.8625939196810826e-02 1.4718177263849613e-01 3.1132143875701330e+00
    8.2338866179148013e+01 4.5984221554608517e+01 4.5559082796736385e+02
    5.2569248917484136e-02 1.4873924596535310e-01 3.1190422027878033e+00
    8.1665523111080674e+01 4.7788296745219633e+01 4.5569330718077754e+02
    4.9183271894647718e-02 1.5697215648715751e-01 3.1212559008174705e+00
    8.2048405058646892e+01 4.8591524398863243e+01 4.5679809688285576e+02
    5.3768950690154971e-02 1.4658034448615301e-01 3.1228276544597229e+00
    8.2253308500216647e+01 4.7576225799461213e+01 4.5768593458428768e+02
    5.3955540231736987e-02 1.4532186642551059e-01 3.1216683234019564e+00
    8.2501197100081427e+01 4.6961356094945650e+01 4.5760809099657519e+02
    4.8744995478900696e-02 1.4000872962735422e-01 3.1181634539879886e+00
    8.1637219750755932e+01 4.7787857714936635e+01 4.5849205464608150e+02
    4.9061625128846847e-02 1.4021115838970258e-01 3.1189834236453540e+00
    8.1845009755281637e+01 4.7847010090487586e+01 4.5880308344714604e+02
    4.7622377385450568e-02 1.4344278195933385e-01 3.1176865863749659e+00
    8.2079285415371473e+01 4.7936560052108547e+01 4.5890882592754485e+02</data></Extrinsic_Parameters>
